% Données table JANAF 
%H       %H2     %O   %O2     %OH   %H2O    %CO    %CO2   %N   %N2   %NO       %C8H18


%a1                 %a2                 %a3             %a4             %a5             %a6                %a7
% High temperature 1000K 3000K
Ahigh=[
0.02500000E+02  0.00000000E+00  0.00000000E+00   0.00000000E+00  0.00000000E+00   0.02547162E+06  -0.04601176E+01;...   %H
0.02991423E+02  0.07000644E-02 -0.05633828E-06  -0.09231578E-10  0.15827519E-14  -0.08350340E+04  -0.13551101E+01;...   %H2 
0.02542059E+02 -0.02755061E-03 -0.03102803E-07   0.04551067E-10 -0.04368051E-14   0.02923080E+06   0.04920308E+02;...   %O
0.03697578E+02  0.06135197E-02 -0.12588420E-06   0.01775281E-09 -0.11364354E-14  -0.12339301E+04   0.03189165E+02;...   %O2
0.02882730E+02  0.10139743E-02 -0.02276877E-05   0.02174683E-09 -0.05126305E-14   0.03886888E+05   0.05595712E+02;...   %OH
0.02672145E+02  0.03056293E-01 -0.08730260E-05   0.12009964E-09 -0.06391618E-13  -0.02989921E+06   0.06862817E+02;...   %H2O
0.03025078E+02  0.14426885E-02 -0.05630827E-05   0.10185813E-09 -0.06910951E-13  -0.14268350E+05   0.06108217E+02;...   %CO
0.04453623E+02  0.03140168E-01 -0.12784105E-05   0.02393996E-08 -0.16690333E-13  -0.04896696E+06  -0.09553959E+01;...   %CO2 
0.02450268E+02  0.10661458E-03 -0.07465337E-06   0.01879652E-09 -0.10259839E-14   0.05611604E+06   0.04448758E+02;...   %N
0.02926640E+02  0.14879768E-02 -0.05684760E-05   0.10097038E-09 -0.06753351E-13  -0.09227977E+04   0.05980528E+02;...   %N2 
0.03245435E+02  0.12691383E-02 -0.05015890E-05   0.09169283E-09 -0.06275419E-13   0.09800840E+05   0.06417293E+02;...   %NO
-4.20868893E+00 1.11440581E-01 -7.91346582E-05 2.92406242E-08 -4.43743191E-12 -2.99446875E+04 4.49521701E+01;];        %IC8H18   
%-1.26836187E+00 8.54355820E-02 -5.25346786E-05 1.62945721E-08 -2.02394925E-12 -2.56586565E+04 3.53732912E+01;...        %NC7H16                  4
%0.16152663E+01 0.21099439E-01 0.85366017E-04 -0.13261067E-06 0.55956604E-10 0.40756299E+04 0.20282209E+02;];            %C6H5CH3

%Lower temperature  200K 1000K
%a1              a2              a3               a4              a4               a6               a7  
Alow=[...
0.02500000E+02  0.00000000E+00  0.00000000E+00   0.00000000E+00  0.00000000E+00   0.02547162E+06  -0.04601176E+01;...  %H
0.03298124E+02  0.08249441E-02 -0.08143015E-05  -0.09475434E-09  0.04134872E-11  -0.10125209E+04  -0.03294094E+02;...  %H2
0.02946428E+02 -0.16381665E-02  0.02421031E-04  -0.16028431E-08  0.03890696E-11   0.02914764E+06   0.02963995E+02;...  %O 
0.03212936E+02  0.11274864E-02 -0.05756150E-05   0.13138773E-08 -0.08768554E-11  -0.10052490E+04   0.06034737E+02;...  %O2
0.03637266E+02  0.01850910E-02 -0.16761646E-05   0.02387202E-07 -0.08431442E-11   0.03606781E+05   0.13588605E+01;...  %OH 
0.03386842E+02  0.03474982E-01 -0.06354696E-04   0.06968581E-07 -0.02506588E-10  -0.03020811E+06   0.02590232E+02;...  %H2O
0.03262451E+02  0.15119409E-02 -0.03881755E-04   0.05581944E-07 -0.02474951E-10  -0.14310539E+05   0.04848897E+02;...  %CO
0.02275724E+02  0.09922072E-01 -0.10409113E-04   0.06866686E-07 -0.02117280E-10  -0.04837314E+06   0.10188488E+02;...  %CO2 
0.02503071E+02 -0.02180018E-03  0.05420529E-06  -0.05647560E-09  0.02099904E-12   0.05609890E+06   0.04167566E+02;...  %N 
0.03298677E+02  0.14082404E-02 -0.03963222E-04   0.05641515E-07 -0.02444854E-10  -0.10208999E+04   0.03950372E+02;...  %N2 
0.03376541E+02  0.12530634E-02 -0.03302750E-04   0.05217810E-07 -0.02446262E-10   0.09817961E+05   0.05829590E+02;...  %NO
 2.71373590E+01 3.79004890E-02 -1.29437358E-05 2.00760372E-09 -1.16400580E-13 -4.07958177E+04 -1.23277495E+02;];      %IC8H18   
 %2.22148969E+01 3.47675750E-02 -1.18407129E-05 1.83298478E-09 -1.06130266E-13 -3.42760081E+04 -9.23040196E+01;...      %NC7H16
 %0.12940034E+02 0.26691288E-01 -0.96838503E-05 0.15738629E-08 -0.94663603E-13  -0.69764911E+03 -0.46728786E+02;];      %C6H5CH3



%T                  %H       %H2     %O          %O2     %OH            %H2O    %CO         %CO2         %N         %N2         %NO       %C8H18
